0000000001 0000000000 0000032758 1714003644434
0000000002 0000032758 0000032758 1714003649452
0000000003 0000065516 0000031426 1714003658339
0000000004 0000096942 0000029342 1714003659847
0000000005 0000126284 0000024691 1714003661536
0000000006 0000150975 0000030883 1714003663043
0000000007 0000181858 0000031028 1714003664556
0000000008 0000212886 0000032778 1714003666653
0000000009 0000245664 0000027845 1714003668952
0000000010 0000273509 0000022891 1714003672299
0000000011 0000296400 0000029170 1714003673433
