0000000001 0000000000 0000000096 1714003644427
0000000002 0000000096 0000006483 1714003644536
0000000003 0000006579 0000001348 1714003644617
0000000004 0000007927 0000001023 1714003644707
0000000005 0000008950 0000000663 1714003644836
0000000006 0000009613 0000001347 1714003645156
0000000007 0000010960 0000000663 1714003645197
0000000008 0000011623 0000001002 1714003645255
0000000009 0000012625 0000000913 1714003645313
0000000010 0000013538 0000000913 1714003645347
0000000011 0000014451 0000000913 1714003645388
0000000012 0000015364 0000000913 1714003645430
0000000013 0000016277 0000000913 1714003645479
0000000014 0000017190 0000000913 1714003645525
0000000015 0000018103 0000000913 1714003645597
0000000016 0000019016 0000000913 1714003645645
0000000017 0000019929 0000000988 1714003645676
0000000018 0000020917 0000000988 1714003645685
0000000019 0000021905 0000000988 1714003645716
0000000020 0000022893 0000000988 1714003645746
0000000021 0000023881 0000000988 1714003645765
0000000022 0000024869 0000000988 1714003645786
0000000023 0000025857 0000000988 1714003645805
0000000024 0000026845 0000000988 1714003645806
0000000025 0000027833 0000000988 1714003645916
0000000026 0000028821 0000000988 1714003646065
0000000027 0000029809 0000000988 1714003646148
0000000028 0000030797 0000000988 1714003646277
0000000029 0000031785 0000000988 1714003646368
0000000030 0000032773 0000000988 1714003646488
0000000031 0000033761 0000000988 1714003646626
0000000032 0000034749 0000000988 1714003646736
0000000033 0000035737 0000000988 1714003646838
0000000034 0000036725 0000000988 1714003646986
0000000035 0000037713 0000000988 1714003647074
0000000036 0000038701 0000000988 1714003647216
0000000037 0000039689 0000000663 1714003647307
0000000038 0000040352 0000001002 1714003647370
0000000039 0000041354 0000000988 1714003647597
0000000040 0000042342 0000000663 1714003647635
0000000041 0000043005 0000001313 1714003647698
0000000042 0000044318 0000001313 1714003647854
0000000043 0000045631 0000001313 1714003647965
0000000044 0000046944 0000001313 1714003648127
0000000045 0000048257 0000001891 1714003648246
0000000046 0000050148 0000001313 1714003648436
0000000047 0000051461 0000001313 1714003648605
0000000048 0000052774 0000000991 1714003648657
0000000049 0000053765 0000001313 1714003648735
0000000050 0000055078 0000001673 1714003648865
0000000051 0000056751 0000001313 1714003648976
0000000052 0000058064 0000001672 1714003649089
0000000053 0000059736 0000002031 1714003649240
0000000054 0000061767 0000003348 1714003649510
0000000055 0000065115 0000002031 1714003649595
0000000056 0000067146 0000002031 1714003649788
0000000057 0000069177 0000001672 1714003649935
0000000058 0000070849 0000001002 1714003650015
0000000059 0000071851 0000002358 1714003650081
0000000060 0000074209 0000001313 1714003650204
0000000061 0000075522 0000001905 1714003650335
0000000062 0000077427 0000001997 1714003650459
0000000063 0000079424 0000001313 1714003650668
0000000064 0000080737 0000001672 1714003650716
0000000065 0000082409 0000001002 1714003650767
0000000066 0000083411 0000000913 1714003650826
0000000067 0000084324 0000000913 1714003650869
0000000068 0000085237 0000000913 1714003650870
0000000069 0000086150 0000000913 1714003650935
0000000070 0000087063 0000000913 1714003650975
0000000071 0000087976 0000000913 1714003651006
0000000072 0000088889 0000000913 1714003651022
0000000073 0000089802 0000000913 1714003651084
0000000074 0000090715 0000000913 1714003651085
0000000075 0000091628 0000000913 1714003651172
0000000076 0000092541 0000000913 1714003651207
0000000077 0000093454 0000001313 1714003651244
0000000078 0000094767 0000001313 1714003651276
0000000079 0000096080 0000001313 1714003651305
0000000080 0000097393 0000001313 1714003651326
0000000081 0000098706 0000001313 1714003651337
0000000082 0000100019 0000001313 1714003651426
0000000083 0000101332 0000001313 1714003651590
0000000084 0000102645 0000001637 1714003651690
0000000085 0000104282 0000001313 1714003651796
0000000086 0000105595 0000002544 1714003651946
0000000087 0000108139 0000002258 1714003652122
0000000088 0000110397 0000002269 1714003652165
0000000089 0000112666 0000002628 1714003652297
0000000090 0000115294 0000001588 1714003652448
0000000091 0000116882 0000001863 1714003652587
0000000092 0000118745 0000000996 1714003652688
0000000093 0000119741 0000000996 1714003652805
0000000094 0000120737 0000000998 1714003652844
0000000095 0000121735 0000000996 1714003652988
0000000096 0000122731 0000000663 1714003653067
0000000097 0000123394 0000001329 1714003653196
0000000098 0000124723 0000000663 1714003653254
0000000099 0000125386 0000001329 1714003653336
0000000100 0000126715 0000000663 1714003653488
0000000101 0000127378 0000000940 1714003653905
0000000102 0000128318 0000000663 1714003653955
0000000103 0000128981 0000000991 1714003654215
0000000104 0000129972 0000000954 1714003654270
0000000105 0000130926 0000000663 1714003654305
0000000106 0000131589 0000000954 1714003654425
0000000107 0000132543 0000000663 1714003654485
0000000108 0000133206 0000000941 1714003654536
0000000109 0000134147 0000000663 1714003654598
0000000110 0000134810 0000000954 1714003654717
0000000111 0000135764 0000000663 1714003654768
0000000112 0000136427 0000001266 1714003654857
0000000113 0000137693 0000000663 1714003654923
0000000114 0000138356 0000001279 1714003654965
0000000115 0000139635 0000000988 1714003655108
0000000116 0000140623 0000001279 1714003655249
0000000117 0000141902 0000000988 1714003655345
0000000118 0000142890 0000001612 1714003655466
0000000119 0000144502 0000000988 1714003655606
0000000120 0000145490 0000001279 1714003655725
0000000121 0000146769 0000000988 1714003655824
0000000122 0000147757 0000001279 1714003655946
0000000123 0000149036 0000000663 1714003656057
0000000124 0000149699 0000001610 1714003656184
0000000125 0000151309 0000000663 1714003656249
0000000126 0000151972 0000001002 1714003656287
0000000127 0000152974 0000000913 1714003656337
0000000128 0000153887 0000000913 1714003656396
0000000129 0000154800 0000000913 1714003656435
0000000130 0000155713 0000000913 1714003656511
0000000131 0000156626 0000000913 1714003656556
0000000132 0000157539 0000000913 1714003656606
0000000133 0000158452 0000000913 1714003656685
0000000134 0000159365 0000000913 1714003656694
0000000135 0000160278 0000000991 1714003656716
0000000136 0000161269 0000001282 1714003656735
0000000137 0000162551 0000000663 1714003656771
0000000138 0000163214 0000000954 1714003656776
0000000139 0000164168 0000000663 1714003656797
0000000140 0000164831 0000000954 1714003656957
0000000141 0000165785 0000000663 1714003656995
0000000142 0000166448 0000000954 1714003657176
0000000143 0000167402 0000000663 1714003657225
0000000144 0000168065 0000001277 1714003657427
0000000145 0000169342 0000000663 1714003657466
0000000146 0000170005 0000001308 1714003657545
0000000147 0000171313 0000002890 1714003657756
0000000148 0000174203 0000002274 1714003657892
0000000149 0000176477 0000001931 1714003658005
0000000150 0000178408 0000002000 1714003658086
0000000151 0000180408 0000003276 1714003658368
0000000152 0000183684 0000003735 1714003658408
0000000153 0000187419 0000003567 1714003658517
0000000154 0000190986 0000003202 1714003658747
0000000155 0000194188 0000002834 1714003658896
0000000156 0000197022 0000002253 1714003659041
0000000157 0000199275 0000002218 1714003659188
0000000158 0000201493 0000002349 1714003659308
0000000159 0000203842 0000003662 1714003659426
0000000160 0000207504 0000003694 1714003659561
0000000161 0000211198 0000001002 1714003659618
0000000162 0000212200 0000003353 1714003659725
0000000163 0000215553 0000003644 1714003659895
0000000164 0000219197 0000002980 1714003659964
0000000165 0000222177 0000003631 1714003660096
0000000166 0000225808 0000003525 1714003660196
0000000167 0000229333 0000001957 1714003660316
0000000168 0000231290 0000002554 1714003660435
0000000169 0000233844 0000002235 1714003660624
0000000170 0000236079 0000001907 1714003660791
0000000171 0000237986 0000002276 1714003660923
0000000172 0000240262 0000002243 1714003661046
0000000173 0000242505 0000001956 1714003661136
0000000174 0000244461 0000002895 1714003661297
0000000175 0000247356 0000001668 1714003661406
0000000176 0000249024 0000002239 1714003661633
0000000177 0000251263 0000001313 1714003661715
0000000178 0000252576 0000001002 1714003661865
0000000179 0000253578 0000000913 1714003661920
0000000180 0000254491 0000000913 1714003661955
0000000181 0000255404 0000000913 1714003662008
0000000182 0000256317 0000000913 1714003662055
0000000183 0000257230 0000000913 1714003662108
0000000184 0000258143 0000000913 1714003662139
0000000185 0000259056 0000000913 1714003662148
0000000186 0000259969 0000000913 1714003662202
0000000187 0000260882 0000000913 1714003662257
0000000188 0000261795 0000000913 1714003662303
0000000189 0000262708 0000000913 1714003662303
0000000190 0000263621 0000000913 1714003662307
0000000191 0000264534 0000001313 1714003662345
0000000192 0000265847 0000001313 1714003662347
0000000193 0000267160 0000001638 1714003662445
0000000194 0000268798 0000000988 1714003662494
0000000195 0000269786 0000001314 1714003662580
0000000196 0000271100 0000001313 1714003662631
0000000197 0000272413 0000001313 1714003662631
0000000198 0000273726 0000001313 1714003662675
0000000199 0000275039 0000001638 1714003662817
0000000200 0000276677 0000003003 1714003662876
0000000201 0000279680 0000003534 1714003663085
0000000202 0000283214 0000003254 1714003663191
0000000203 0000286468 0000002969 1714003663307
0000000204 0000289437 0000003246 1714003663424
0000000205 0000292683 0000003602 1714003663570
0000000206 0000296285 0000003001 1714003663758
0000000207 0000299286 0000002711 1714003663869
0000000208 0000301997 0000002743 1714003664036
0000000209 0000304740 0000002652 1714003664135
0000000210 0000307392 0000001941 1714003664266
0000000211 0000309333 0000001674 1714003664407
0000000212 0000311007 0000003136 1714003664622
0000000213 0000314143 0000002539 1714003664666
0000000214 0000316682 0000002627 1714003664824
0000000215 0000319309 0000002643 1714003664936
0000000216 0000321952 0000002645 1714003665087
0000000217 0000324597 0000001009 1714003665145
0000000218 0000325606 0000002631 1714003665234
0000000219 0000328237 0000002626 1714003665290
0000000220 0000330863 0000002645 1714003665444
0000000221 0000333508 0000002673 1714003665525
0000000222 0000336181 0000002643 1714003665645
0000000223 0000338824 0000002320 1714003665846
0000000224 0000341144 0000002260 1714003665966
0000000225 0000343404 0000002614 1714003666097
0000000226 0000346018 0000002673 1714003666196
0000000227 0000348691 0000002348 1714003666311
0000000228 0000351039 0000002348 1714003666424
0000000229 0000353387 0000002565 1714003666715
0000000230 0000355952 0000002349 1714003666822
0000000231 0000358301 0000001002 1714003666870
0000000232 0000359303 0000002349 1714003666966
0000000233 0000361652 0000003063 1714003667091
0000000234 0000364715 0000002349 1714003667196
0000000235 0000367064 0000001993 1714003667315
0000000236 0000369057 0000001002 1714003667367
0000000237 0000370059 0000000913 1714003667406
0000000238 0000370972 0000000913 1714003667478
0000000239 0000371885 0000000913 1714003667534
0000000240 0000372798 0000000913 1714003667585
0000000241 0000373711 0000000913 1714003667635
0000000242 0000374624 0000000913 1714003667635
0000000243 0000375537 0000000913 1714003667684
0000000244 0000376450 0000000913 1714003667747
0000000245 0000377363 0000000913 1714003667768
0000000246 0000378276 0000001994 1714003667790
0000000247 0000380270 0000001639 1714003667806
0000000248 0000381909 0000002025 1714003667834
0000000249 0000383934 0000002350 1714003667928
0000000250 0000386284 0000002672 1714003668061
0000000251 0000388956 0000002348 1714003668174
0000000252 0000391304 0000001994 1714003668295
0000000253 0000393298 0000001912 1714003668387
0000000254 0000395210 0000002272 1714003668556
0000000255 0000397482 0000001914 1714003668675
0000000256 0000399396 0000001927 1714003668796
0000000257 0000401323 0000002575 1714003669005
0000000258 0000403898 0000001674 1714003669090
0000000259 0000405572 0000001593 1714003669168
0000000260 0000407165 0000001594 1714003669289
0000000261 0000408759 0000002000 1714003669405
0000000262 0000410759 0000001316 1714003669534
0000000263 0000412075 0000001676 1714003669655
0000000264 0000413751 0000001316 1714003669804
0000000265 0000415067 0000001316 1714003669925
0000000266 0000416383 0000000990 1714003670045
0000000267 0000417373 0000001349 1714003670164
0000000268 0000418722 0000001349 1714003670287
0000000269 0000420071 0000001349 1714003670390
0000000270 0000421420 0000000990 1714003670524
0000000271 0000422410 0000000990 1714003670614
0000000272 0000423400 0000001291 1714003670787
0000000273 0000424691 0000001292 1714003670940
0000000274 0000425983 0000000931 1714003671067
0000000275 0000426914 0000001560 1714003671185
0000000276 0000428474 0000000663 1714003671246
0000000277 0000429137 0000001558 1714003671288
0000000278 0000430695 0000001883 1714003671433
0000000279 0000432578 0000000989 1714003671535
0000000280 0000433567 0000001639 1714003671660
0000000281 0000435206 0000001617 1714003671831
0000000282 0000436823 0000002272 1714003671924
0000000283 0000439095 0000000991 1714003671996
0000000284 0000440086 0000002874 1714003672045
0000000285 0000442960 0000002185 1714003672157
0000000286 0000445145 0000002464 1714003672357
0000000287 0000447609 0000001257 1714003672385
0000000288 0000448866 0000001257 1714003672515
0000000289 0000450123 0000001257 1714003672683
0000000290 0000451380 0000001317 1714003672827
0000000291 0000452697 0000001002 1714003672864
0000000292 0000453699 0000000913 1714003672930
0000000293 0000454612 0000000913 1714003672991
0000000294 0000455525 0000000913 1714003673055
0000000295 0000456438 0000000913 1714003673108
0000000296 0000457351 0000000913 1714003673127
0000000297 0000458264 0000000913 1714003673143
0000000298 0000459177 0000000913 1714003673185
0000000299 0000460090 0000000913 1714003673193
0000000300 0000461003 0000000913 1714003673250
0000000301 0000461916 0000000913 1714003673252
0000000302 0000462829 0000001317 1714003673267
0000000303 0000464146 0000000990 1714003673289
0000000304 0000465136 0000000990 1714003673320
0000000305 0000466126 0000001594 1714003673496
0000000306 0000467720 0000001348 1714003673526
0000000307 0000469068 0000001348 1714003673655
0000000308 0000470416 0000001002 1714003673694
0000000309 0000471418 0000001348 1714003673837
