0000000001 0000000000 0000000104 1714003767677
0000000002 0000000104 0000000008 1714003767677
0000000003 0000000112 0000224736 1714003767677
0000000004 0000224848 0000063090 1714003767757
0000000005 0000287938 0000062515 1714003767837
0000000006 0000350453 0000046838 1714003767877
0000000007 0000397291 0000060252 1714003767957
0000000008 0000457543 0000057509 1714003768037
0000000009 0000515052 0000044306 1714003768077
0000000010 0000559358 0000065496 1714003768157
0000000011 0000624854 0000068962 1714003768237
0000000012 0000693816 0000056114 1714003768277
0000000013 0000749930 0000079678 1714003768357
0000000014 0000829608 0000070289 1714003768437
0000000015 0000899897 0000049405 1714003768477
0000000016 0000949302 0000061041 1714003768557
0000000017 0001010343 0000055499 1714003768637
0000000018 0001065842 0000043769 1714003768677
0000000019 0001109611 0000055191 1714003768757
0000000020 0001164802 0000057699 1714003768837
0000000021 0001222501 0000050571 1714003768877
0000000022 0001273072 0000060859 1714003768957
0000000023 0001333931 0000060288 1714003769037
0000000024 0001394219 0000042198 1714003769077
0000000025 0001436417 0000065362 1714003769157
0000000026 0001501779 0000053752 1714003769237
0000000027 0001555531 0000040198 1714003769277
0000000028 0001595729 0000052416 1714003769357
0000000029 0001648145 0000046667 1714003769437
0000000030 0001694812 0000038602 1714003769477
0000000031 0001733414 0000050070 1714003769557
0000000032 0001783484 0000057884 1714003769637
0000000033 0001841368 0000000104 1714003769677
0000000034 0001841472 0000000008 1714003769677
0000000035 0001841480 0000226230 1714003769677
0000000036 0002067710 0000053779 1714003769757
0000000037 0002121489 0000058010 1714003769837
0000000038 0002179499 0000045820 1714003769877
0000000039 0002225319 0000057232 1714003769957
0000000040 0002282551 0000056084 1714003770037
0000000041 0002338635 0000046710 1714003770077
0000000042 0002385345 0000059869 1714003770157
0000000043 0002445214 0000063663 1714003770237
0000000044 0002508877 0000050097 1714003770277
0000000045 0002558974 0000060137 1714003770357
0000000046 0002619111 0000055807 1714003770437
0000000047 0002674918 0000045541 1714003770477
0000000048 0002720459 0000056515 1714003770557
0000000049 0002776974 0000053884 1714003770637
0000000050 0002830858 0000041551 1714003770677
0000000051 0002872409 0000050075 1714003770757
0000000052 0002922484 0000049737 1714003770837
0000000053 0002972221 0000042874 1714003770877
0000000054 0003015095 0000052565 1714003770957
0000000055 0003067660 0000052594 1714003771037
0000000056 0003120254 0000044031 1714003771077
0000000057 0003164285 0000055392 1714003771157
0000000058 0003219677 0000054734 1714003771237
0000000059 0003274411 0000045094 1714003771277
0000000060 0003319505 0000055226 1714003771357
0000000061 0003374731 0000059287 1714003771437
0000000062 0003434018 0000050463 1714003771477
0000000063 0003484481 0000058215 1714003771557
0000000064 0003542696 0000059432 1714003771637
0000000065 0003602128 0000000104 1714003771677
0000000066 0003602232 0000000008 1714003771677
0000000067 0003602240 0000225633 1714003771677
0000000068 0003827873 0000052285 1714003771757
0000000069 0003880158 0000055910 1714003771837
0000000070 0003936068 0000045039 1714003771877
0000000071 0003981107 0000058795 1714003771957
0000000072 0004039902 0000060059 1714003772037
0000000073 0004099961 0000051669 1714003772077
0000000074 0004151630 0000071315 1714003772157
0000000075 0004222945 0000077676 1714003772237
0000000076 0004300621 0000066091 1714003772277
0000000077 0004366712 0000073447 1714003772357
0000000078 0004440159 0000076432 1714003772437
0000000079 0004516591 0000058455 1714003772477
0000000080 0004575046 0000067567 1714003772557
0000000081 0004642613 0000065427 1714003772637
0000000082 0004708040 0000055395 1714003772677
0000000083 0004763435 0000071581 1714003772757
0000000084 0004835016 0000078621 1714003772837
0000000085 0004913637 0000076072 1714003772877
0000000086 0004989709 0000095950 1714003772957
0000000087 0005085659 0000101779 1714003773037
0000000088 0005187438 0000085033 1714003773077
0000000089 0005272471 0000109859 1714003773157
0000000090 0005382330 0000105720 1714003773237
0000000091 0005488050 0000083254 1714003773277
0000000092 0005571304 0000104563 1714003773357
0000000093 0005675867 0000099745 1714003773437
0000000094 0005775612 0000079535 1714003773477
0000000095 0005855147 0000095013 1714003773557
0000000096 0005950160 0000090022 1714003773637
0000000097 0006040182 0000000104 1714003773677
0000000098 0006040286 0000000008 1714003773677
0000000099 0006040294 0000264788 1714003773677
0000000100 0006305082 0000104126 1714003773757
0000000101 0006409208 0000091656 1714003773837
0000000102 0006500864 0000073941 1714003773877
0000000103 0006574805 0000092606 1714003773957
0000000104 0006667411 0000090809 1714003774037
0000000105 0006758220 0000072582 1714003774077
0000000106 0006830802 0000100834 1714003774157
0000000107 0006931636 0000091809 1714003774237
0000000108 0007023445 0000078705 1714003774277
0000000109 0007102150 0000094851 1714003774357
0000000110 0007197001 0000093169 1714003774437
0000000111 0007290170 0000071339 1714003774477
0000000112 0007361509 0000091543 1714003774557
0000000113 0007453052 0000088655 1714003774637
0000000114 0007541707 0000072487 1714003774677
0000000115 0007614194 0000105995 1714003774757
0000000116 0007720189 0000106791 1714003774837
0000000117 0007826980 0000081599 1714003774877
0000000118 0007908579 0000102033 1714003774957
0000000119 0008010612 0000086280 1714003775037
0000000120 0008096892 0000059481 1714003775077
0000000121 0008156373 0000069854 1714003775157
0000000122 0008226227 0000102336 1714003775237
0000000123 0008328563 0000059489 1714003775277
0000000124 0008388052 0000067015 1714003775357
0000000125 0008455067 0000090797 1714003775437
0000000126 0008545864 0000065453 1714003775477
0000000127 0008611317 0000072915 1714003775557
0000000128 0008684232 0000094252 1714003775637
0000000129 0008778484 0000000104 1714003775677
0000000130 0008778588 0000000008 1714003775677
0000000131 0008778596 0000144765 1714003775677
0000000132 0008923361 0000055889 1714003775757
0000000133 0008979250 0000074297 1714003775837
0000000134 0009053547 0000057943 1714003775877
0000000135 0009111490 0000080036 1714003775957
0000000136 0009191526 0000069972 1714003776037
0000000137 0009261498 0000052971 1714003776077
0000000138 0009314469 0000108495 1714003776157
0000000139 0009422964 0000132889 1714003776237
0000000140 0009555853 0000035441 1714003776277
0000000141 0009591294 0000075231 1714003776357
0000000142 0009666525 0000052213 1714003776437
0000000143 0009718738 0000027589 1714003776477
0000000144 0009746327 0000035680 1714003776557
0000000145 0009782007 0000050529 1714003776637
0000000146 0009832536 0000027860 1714003776677
0000000147 0009860396 0000032709 1714003776757
0000000148 0009893105 0000121564 1714003776837
0000000149 0010014669 0000059862 1714003776877
0000000150 0010074531 0000073951 1714003776957
0000000151 0010148482 0000068475 1714003777037
0000000152 0010216957 0000047721 1714003777077
0000000153 0010264678 0000055786 1714003777157
0000000154 0010320464 0000079455 1714003777237
0000000155 0010399919 0000050537 1714003777277
0000000156 0010450456 0000061704 1714003777357
0000000157 0010512160 0000081546 1714003777437
0000000158 0010593706 0000052325 1714003777477
0000000159 0010646031 0000068427 1714003777557
0000000160 0010714458 0000058947 1714003777637
0000000161 0010773405 0000000104 1714003777677
0000000162 0010773509 0000000008 1714003777677
0000000163 0010773517 0000173773 1714003777677
0000000164 0010947290 0000046491 1714003777757
0000000165 0010993781 0000050700 1714003777837
0000000166 0011044481 0000041793 1714003777877
0000000167 0011086274 0000096611 1714003777957
0000000168 0011182885 0000072872 1714003778037
0000000169 0011255757 0000057744 1714003778077
0000000170 0011313501 0000070793 1714003778157
0000000171 0011384294 0000061151 1714003778237
0000000172 0011445445 0000053880 1714003778277
0000000173 0011499325 0000063627 1714003778357
0000000174 0011562952 0000063720 1714003778437
0000000175 0011626672 0000052361 1714003778477
0000000176 0011679033 0000060023 1714003778557
0000000177 0011739056 0000059771 1714003778637
0000000178 0011798827 0000048510 1714003778677
0000000179 0011847337 0000059963 1714003778757
0000000180 0011907300 0000059914 1714003778837
0000000181 0011967214 0000050355 1714003778877
0000000182 0012017569 0000064261 1714003778957
0000000183 0012081830 0000062190 1714003779037
0000000184 0012144020 0000176812 1714003779077
0000000185 0012320832 0000127954 1714003779157
0000000186 0012448786 0000100415 1714003779237
0000000187 0012549201 0000084195 1714003779277
0000000188 0012633396 0000089626 1714003779357
0000000189 0012723022 0000117061 1714003779437
0000000190 0012840083 0000069546 1714003779477
0000000191 0012909629 0000080518 1714003779557
0000000192 0012990147 0000134554 1714003779637
0000000193 0013124701 0000000104 1714003779677
0000000194 0013124805 0000000008 1714003779677
0000000195 0013124813 0000182976 1714003779677
0000000196 0013307789 0000060020 1714003779757
0000000197 0013367809 0000102355 1714003779837
0000000198 0013470164 0000059885 1714003779877
0000000199 0013530049 0000068600 1714003779957
0000000200 0013598649 0000078405 1714003780037
0000000201 0013677054 0000053970 1714003780077
0000000202 0013731024 0000062392 1714003780157
0000000203 0013793416 0000059859 1714003780237
0000000204 0013853275 0000096645 1714003780277
0000000205 0013949920 0000060654 1714003780357
0000000206 0014010574 0000055183 1714003780437
0000000207 0014065757 0000050866 1714003780477
0000000208 0014116623 0000067629 1714003780557
0000000209 0014184252 0000054300 1714003780637
0000000210 0014238552 0000097575 1714003780677
0000000211 0014336127 0000055907 1714003780757
0000000212 0014392034 0000060355 1714003780837
0000000213 0014452389 0000100223 1714003780877
0000000214 0014552612 0000046903 1714003780957
0000000215 0014599515 0000120112 1714003780997
0000000216 0014719627 0000129068 1714003781077
0000000217 0014848695 0000062108 1714003781157
0000000218 0014910803 0000054262 1714003781197
0000000219 0014965065 0000091035 1714003781277
0000000220 0015056100 0000081969 1714003781357
0000000221 0015138069 0000048449 1714003781397
0000000222 0015186518 0000059722 1714003781477
0000000223 0015246240 0000127200 1714003781557
0000000224 0015373440 0000073735 1714003781597
0000000225 0015447175 0000000104 1714003781677
0000000226 0015447279 0000000008 1714003781677
0000000227 0015447287 0000102899 1714003781677
0000000228 0015550186 0000080500 1714003781757
0000000229 0015630686 0000014113 1714003781797
0000000230 0015644799 0000045270 1714003781877
0000000231 0015690069 0000048651 1714003781957
0000000232 0015738720 0000029209 1714003781997
0000000233 0015767929 0000038932 1714003782077
0000000234 0015806861 0000026372 1714003782157
0000000235 0015833233 0000076539 1714003782197
0000000236 0015909772 0000051099 1714003782277
0000000237 0015960871 0000157003 1714003782357
0000000238 0016117874 0000087876 1714003782397
0000000239 0016205750 0000070101 1714003782477
0000000240 0016275851 0000049637 1714003782557
0000000241 0016325488 0000025079 1714003782597
0000000242 0016350567 0000032311 1714003782677
0000000243 0016382878 0000024181 1714003782757
0000000244 0016407059 0000013212 1714003782797
0000000245 0016420271 0000013770 1714003782877
0000000246 0016434041 0000102316 1714003782957
0000000247 0016536357 0000142319 1714003782997
0000000248 0016678676 0000102600 1714003783077
0000000249 0016781276 0000107130 1714003783157
0000000250 0016888406 0000093908 1714003783197
0000000251 0016982314 0000102927 1714003783277
0000000252 0017085241 0000098349 1714003783357
0000000253 0017183590 0000083506 1714003783397
0000000254 0017267096 0000105865 1714003783477
0000000255 0017372961 0000086045 1714003783557
0000000256 0017459006 0000075958 1714003783597
0000000257 0017534964 0000000104 1714003783677
0000000258 0017535068 0000000008 1714003783677
0000000259 0017535076 0000171017 1714003783677
0000000260 0017706093 0000075148 1714003783757
0000000261 0017781241 0000067311 1714003783797
0000000262 0017848552 0000088262 1714003783877
0000000263 0017936814 0000064968 1714003783957
0000000264 0018001782 0000056409 1714003783997
0000000265 0018058191 0000070578 1714003784077
0000000266 0018128769 0000066113 1714003784157
0000000267 0018194882 0000052357 1714003784197
0000000268 0018247239 0000061603 1714003784277
0000000269 0018308842 0000056266 1714003784357
0000000270 0018365108 0000044803 1714003784397
0000000271 0018409911 0000067581 1714003784477
0000000272 0018477492 0000064020 1714003784557
0000000273 0018541512 0000054033 1714003784597
0000000274 0018595545 0000065252 1714003784677
0000000275 0018660797 0000068356 1714003784757
0000000276 0018729153 0000056477 1714003784797
0000000277 0018785630 0000081045 1714003784877
0000000278 0018866675 0000073998 1714003784957
0000000279 0018940673 0000059984 1714003784997
0000000280 0019000657 0000074298 1714003785077
0000000281 0019074955 0000073729 1714003785157
0000000282 0019148684 0000055225 1714003785197
0000000283 0019203909 0000064063 1714003785277
0000000284 0019267972 0000061157 1714003785357
0000000285 0019329129 0000049002 1714003785397
0000000286 0019378131 0000063625 1714003785477
0000000287 0019441756 0000065625 1714003785558
0000000288 0019507381 0000055341 1714003785598
0000000289 0019562722 0000000104 1714003785678
0000000290 0019562826 0000000008 1714003785678
0000000291 0019562834 0000137854 1714003785678
0000000292 0019700688 0000070278 1714003785758
0000000293 0019770966 0000061603 1714003785798
0000000294 0019832569 0000070723 1714003785878
0000000295 0019903292 0000073213 1714003785958
0000000296 0019976505 0000063362 1714003785998
0000000297 0020039867 0000062261 1714003786078
0000000298 0020102128 0000058925 1714003786158
0000000299 0020161053 0000041015 1714003786198
0000000300 0020202068 0000075135 1714003786278
0000000301 0020277203 0000089949 1714003786358
0000000302 0020367152 0000055490 1714003786398
0000000303 0020422642 0000068650 1714003786478
0000000304 0020491292 0000067309 1714003786558
0000000305 0020558601 0000050979 1714003786598
0000000306 0020609580 0000091221 1714003786678
0000000307 0020700801 0000076536 1714003786758
0000000308 0020777337 0000068043 1714003786798
0000000309 0020845380 0000089332 1714003786878
0000000310 0020934712 0000081443 1714003786958
0000000311 0021016155 0000064370 1714003786998
0000000312 0021080525 0000095964 1714003787078
0000000313 0021176489 0000067577 1714003787158
0000000314 0021244066 0000050214 1714003787198
0000000315 0021294280 0000103141 1714003787278
0000000316 0021397421 0000058754 1714003787358
0000000317 0021456175 0000048289 1714003787398
0000000318 0021504464 0000072407 1714003787478
0000000319 0021576871 0000071506 1714003787558
0000000320 0021648377 0000058707 1714003787598
0000000321 0021707084 0000000104 1714003787678
0000000322 0021707188 0000000008 1714003787678
0000000323 0021707196 0000160484 1714003787678
0000000324 0021867680 0000059255 1714003787758
0000000325 0021926935 0000051043 1714003787798
0000000326 0021977978 0000061761 1714003787878
0000000327 0022039739 0000056839 1714003787958
0000000328 0022096578 0000043586 1714003787998
0000000329 0022140164 0000070006 1714003788078
0000000330 0022210170 0000070047 1714003788158
0000000331 0022280217 0000061425 1714003788198
0000000332 0022341642 0000074023 1714003788278
0000000333 0022415665 0000083428 1714003788358
0000000334 0022499093 0000053238 1714003788398
0000000335 0022552331 0000085814 1714003788478
0000000336 0022638145 0000068421 1714003788558
0000000337 0022706566 0000050494 1714003788598
0000000338 0022757060 0000067264 1714003788678
0000000339 0022824324 0000069362 1714003788758
0000000340 0022893686 0000058051 1714003788798
0000000341 0022951737 0000098265 1714003788878
0000000342 0023050002 0000069266 1714003788958
0000000343 0023119268 0000056053 1714003788998
0000000344 0023175321 0000070484 1714003789078
0000000345 0023245805 0000049773 1714003789158
0000000346 0023295578 0000041188 1714003789198
0000000347 0023336766 0000079707 1714003789278
0000000348 0023416473 0000085998 1714003789358
0000000349 0023502471 0000063838 1714003789398
0000000350 0023566309 0000082786 1714003789478
0000000351 0023649095 0000083771 1714003789558
0000000352 0023732866 0000047985 1714003789598
0000000353 0023780851 0000000104 1714003789678
0000000354 0023780955 0000000008 1714003789678
0000000355 0023780963 0000151865 1714003789678
0000000356 0023932828 0000074873 1714003789758
0000000357 0024007701 0000043045 1714003789798
0000000358 0024050746 0000069999 1714003789878
0000000359 0024120745 0000064960 1714003789958
0000000360 0024185705 0000058042 1714003789998
0000000361 0024243747 0000077287 1714003790078
0000000362 0024321034 0000079271 1714003790158
0000000363 0024400305 0000070744 1714003790198
0000000364 0024471049 0000080952 1714003790278
0000000365 0024552001 0000065099 1714003790358
0000000366 0024617100 0000053470 1714003790398
0000000367 0024670570 0000078253 1714003790478
0000000368 0024748823 0000077562 1714003790558
0000000369 0024826385 0000055427 1714003790598
0000000370 0024881812 0000086098 1714003790678
0000000371 0024967910 0000070934 1714003790758
0000000372 0025038844 0000059332 1714003790798
0000000373 0025098176 0000083427 1714003790878
0000000374 0025181603 0000091966 1714003790958
0000000375 0025273569 0000068653 1714003790998
0000000376 0025342222 0000090732 1714003791078
0000000377 0025432954 0000065455 1714003791158
0000000378 0025498409 0000046170 1714003791198
0000000379 0025544579 0000112279 1714003791278
0000000380 0025656858 0000065442 1714003791358
0000000381 0025722300 0000050908 1714003791398
0000000382 0025773208 0000091785 1714003791478
0000000383 0025864993 0000066848 1714003791558
0000000384 0025931841 0000042525 1714003791598
0000000385 0025974366 0000000104 1714003791678
0000000386 0025974470 0000000008 1714003791678
0000000387 0025974478 0000124835 1714003791678
0000000388 0026099313 0000051938 1714003791758
0000000389 0026151251 0000041838 1714003791798
0000000390 0026193089 0000081063 1714003791878
0000000391 0026274152 0000060265 1714003791958
0000000392 0026334417 0000045760 1714003791998
0000000393 0026380177 0000071709 1714003792078
0000000394 0026451886 0000069057 1714003792158
0000000395 0026520943 0000050564 1714003792198
0000000396 0026571507 0000062654 1714003792278
0000000397 0026634161 0000061228 1714003792358
0000000398 0026695389 0000046080 1714003792398
0000000399 0026741469 0000074439 1714003792478
0000000400 0026815908 0000080193 1714003792558
0000000401 0026896101 0000057202 1714003792598
0000000402 0026953303 0000083319 1714003792678
0000000403 0027036622 0000077336 1714003792758
0000000404 0027113958 0000060410 1714003792798
0000000405 0027174368 0000080197 1714003792878
0000000406 0027254565 0000074051 1714003792958
0000000407 0027328616 0000053774 1714003792998
0000000408 0027382390 0000063779 1714003793078
0000000409 0027446169 0000062739 1714003793158
0000000410 0027508908 0000054711 1714003793198
0000000411 0027563619 0000068389 1714003793278
0000000412 0027632008 0000068242 1714003793358
0000000413 0027700250 0000059680 1714003793398
0000000414 0027759930 0000069024 1714003793478
0000000415 0027828954 0000063610 1714003793558
0000000416 0027892564 0000052266 1714003793598
0000000417 0027944830 0000000104 1714003793678
0000000418 0027944934 0000000008 1714003793678
0000000419 0027944942 0000168420 1714003793678
0000000420 0028113362 0000061526 1714003793758
0000000421 0028174888 0000053780 1714003793798
0000000422 0028228668 0000071894 1714003793878
0000000423 0028300562 0000065269 1714003793958
0000000424 0028365831 0000056042 1714003793998
0000000425 0028421873 0000068507 1714003794078
0000000426 0028490380 0000066360 1714003794158
0000000427 0028556740 0000055508 1714003794198
0000000428 0028612248 0000059086 1714003794278
0000000429 0028671334 0000066829 1714003794358
0000000430 0028738163 0000064050 1714003794398
0000000431 0028802213 0000074723 1714003794478
0000000432 0028876936 0000072775 1714003794558
0000000433 0028949711 0000060780 1714003794598
0000000434 0029010491 0000069169 1714003794678
0000000435 0029079660 0000067159 1714003794758
0000000436 0029146819 0000053593 1714003794798
0000000437 0029200412 0000058059 1714003794878
0000000438 0029258471 0000056548 1714003794958
0000000439 0029315019 0000055420 1714003794998
0000000440 0029370439 0000065056 1714003795078
0000000441 0029435495 0000075602 1714003795158
0000000442 0029511097 0000112481 1714003795198
0000000443 0029623578 0000083486 1714003795278
0000000444 0029707064 0000079868 1714003795358
0000000445 0029786932 0000106305 1714003795398
0000000446 0029893237 0000088311 1714003795478
0000000447 0029981548 0000085405 1714003795558
0000000448 0030066953 0000066350 1714003795598
0000000449 0030133303 0000000104 1714003795678
0000000450 0030133407 0000000008 1714003795678
0000000451 0030133415 0000172840 1714003795678
0000000452 0030306255 0000086338 1714003795758
0000000453 0030392593 0000075323 1714003795798
0000000454 0030467916 0000093306 1714003795878
0000000455 0030561222 0000072291 1714003795958
0000000456 0030633513 0000056634 1714003795998
0000000457 0030690147 0000094310 1714003796078
0000000458 0030784457 0000067486 1714003796158
0000000459 0030851943 0000047173 1714003796198
0000000460 0030899116 0000057807 1714003796278
0000000461 0030956923 0000059767 1714003796358
0000000462 0031016690 0000043321 1714003796398
0000000463 0031060011 0000066255 1714003796478
0000000464 0031126266 0000095652 1714003796558
0000000465 0031221918 0000046257 1714003796598
0000000466 0031268175 0000063829 1714003796678
0000000467 0031332004 0000052899 1714003796758
0000000468 0031384903 0000042421 1714003796798
0000000469 0031427324 0000051058 1714003796878
0000000470 0031478382 0000051120 1714003796958
0000000471 0031529502 0000039556 1714003796998
0000000472 0031569058 0000047343 1714003797078
0000000473 0031616401 0000044371 1714003797158
0000000474 0031660772 0000035201 1714003797198
0000000475 0031695973 0000047275 1714003797278
0000000476 0031743248 0000052578 1714003797358
0000000477 0031795826 0000046594 1714003797398
0000000478 0031842420 0000066831 1714003797478
0000000479 0031909251 0000074384 1714003797558
0000000480 0031983635 0000062118 1714003797598
0000000481 0032045753 0000000104 1714003797678
0000000482 0032045857 0000000008 1714003797678
0000000483 0032045865 0000220986 1714003797678
0000000484 0032266851 0000098089 1714003797758
0000000485 0032364940 0000083561 1714003797798
0000000486 0032448501 0000133369 1714003797878
0000000487 0032581870 0000113085 1714003797958
0000000488 0032694955 0000084501 1714003797998
0000000489 0032779456 0000126091 1714003798078
0000000490 0032905547 0000079400 1714003798158
0000000491 0032984947 0000047087 1714003798198
0000000492 0033032034 0000070518 1714003798278
0000000493 0033102552 0000064396 1714003798358
0000000494 0033166948 0000053071 1714003798398
0000000495 0033220019 0000060354 1714003798478
0000000496 0033280373 0000066218 1714003798558
0000000497 0033346591 0000058595 1714003798598
0000000498 0033405186 0000086219 1714003798678
