0000000001 0000000000 0000000096 1714003681266
0000000002 0000000096 0000006483 1714003681392
0000000003 0000006579 0000001742 1714003681428
0000000004 0000008321 0000001734 1714003681535
0000000005 0000010055 0000001734 1714003681644
0000000006 0000011789 0000002369 1714003681796
0000000007 0000014158 0000002725 1714003681894
0000000008 0000016883 0000001915 1714003682034
0000000009 0000018798 0000003261 1714003682199
0000000010 0000022059 0000003622 1714003682285
0000000011 0000025681 0000005236 1714003682495
0000000012 0000030917 0000004630 1714003682547
0000000013 0000035547 0000000997 1714003682594
0000000014 0000036544 0000004041 1714003682666
0000000015 0000040585 0000001921 1714003682855
0000000016 0000042506 0000001294 1714003682977
0000000017 0000043800 0000002691 1714003683084
0000000018 0000046491 0000003338 1714003683207
0000000019 0000049829 0000002979 1714003683364
0000000020 0000052808 0000002919 1714003683477
0000000021 0000055727 0000004253 1714003683610
0000000022 0000059980 0000003927 1714003683711
0000000023 0000063907 0000004252 1714003683820
0000000024 0000068159 0000001002 1714003683853
0000000025 0000069161 0000000913 1714003683909
0000000026 0000070074 0000000913 1714003683947
0000000027 0000070987 0000000913 1714003683964
0000000028 0000071900 0000000913 1714003683996
0000000029 0000072813 0000000913 1714003684004
0000000030 0000073726 0000000913 1714003684034
0000000031 0000074639 0000000913 1714003684044
0000000032 0000075552 0000000913 1714003684097
0000000033 0000076465 0000000913 1714003684098
0000000034 0000077378 0000000913 1714003684098
0000000035 0000078291 0000000913 1714003684144
0000000036 0000079204 0000000913 1714003684200
0000000037 0000080117 0000004536 1714003684236
0000000038 0000084653 0000004536 1714003684259
0000000039 0000089189 0000003923 1714003684292
0000000040 0000093112 0000003897 1714003684306
0000000041 0000097009 0000003896 1714003684370
0000000042 0000100905 0000003537 1714003684484
0000000043 0000104442 0000003211 1714003684649
0000000044 0000107653 0000002559 1714003684797
0000000045 0000110212 0000003897 1714003684966
0000000046 0000114109 0000003582 1714003685181
0000000047 0000117691 0000003937 1714003685301
0000000048 0000121628 0000001002 1714003685343
0000000049 0000122630 0000005132 1714003685404
0000000050 0000127762 0000004114 1714003685526
0000000051 0000131876 0000003883 1714003685654
0000000052 0000135759 0000003270 1714003685805
0000000053 0000139029 0000002689 1714003685969
0000000054 0000141718 0000002363 1714003686113
0000000055 0000144081 0000002909 1714003686293
0000000056 0000146990 0000002956 1714003686383
0000000057 0000149946 0000003079 1714003686515
0000000058 0000153025 0000002990 1714003686630
0000000059 0000156015 0000001654 1714003686725
0000000060 0000157669 0000002273 1714003686875
0000000061 0000159942 0000002599 1714003686990
0000000062 0000162541 0000001967 1714003687134
0000000063 0000164508 0000000997 1714003687193
0000000064 0000165505 0000001967 1714003687234
0000000065 0000167472 0000001641 1714003687375
0000000066 0000169113 0000001641 1714003687504
0000000067 0000170754 0000002293 1714003687629
0000000068 0000173047 0000002689 1714003687733
0000000069 0000175736 0000003640 1714003687903
0000000070 0000179376 0000003996 1714003688044
0000000071 0000183372 0000003763 1714003688165
0000000072 0000187135 0000003673 1714003688281
0000000073 0000190808 0000004992 1714003688495
0000000074 0000195800 0000003601 1714003688515
0000000075 0000199401 0000003571 1714003688679
0000000076 0000202972 0000000991 1714003688755
0000000077 0000203963 0000003244 1714003688844
0000000078 0000207207 0000002989 1714003688994
0000000079 0000210196 0000002990 1714003689138
0000000080 0000213186 0000001002 1714003689204
0000000081 0000214188 0000002991 1714003689245
0000000082 0000217179 0000002991 1714003689369
0000000083 0000220170 0000002956 1714003689490
0000000084 0000223126 0000001002 1714003689605
0000000085 0000224128 0000000913 1714003689645
0000000086 0000225041 0000000913 1714003689714
0000000087 0000225954 0000000913 1714003689755
0000000088 0000226867 0000000913 1714003689761
0000000089 0000227780 0000000913 1714003689803
0000000090 0000228693 0000000913 1714003689856
0000000091 0000229606 0000000913 1714003689857
0000000092 0000230519 0000000913 1714003689903
0000000093 0000231432 0000000913 1714003689943
0000000094 0000232345 0000000913 1714003689982
0000000095 0000233258 0000002594 1714003690008
0000000096 0000235852 0000002919 1714003690025
0000000097 0000238771 0000003247 1714003690046
0000000098 0000242018 0000001009 1714003690065
0000000099 0000243027 0000002921 1714003690084
0000000100 0000245948 0000002923 1714003690147
0000000101 0000248871 0000003282 1714003690276
0000000102 0000252153 0000002630 1714003690393
0000000103 0000254783 0000002656 1714003690562
0000000104 0000257439 0000002598 1714003690684
0000000105 0000260037 0000002330 1714003690804
0000000106 0000262367 0000002272 1714003690964
0000000107 0000264639 0000002273 1714003691092
0000000108 0000266912 0000003938 1714003691186
0000000109 0000270850 0000002692 1714003691293
0000000110 0000273542 0000003018 1714003691464
0000000111 0000276560 0000003862 1714003691535
0000000112 0000280422 0000004246 1714003691715
0000000113 0000284668 0000003970 1714003691775
0000000114 0000288638 0000004001 1714003691935
0000000115 0000292639 0000003643 1714003692090
0000000116 0000296282 0000003371 1714003692210
0000000117 0000299653 0000003286 1714003692347
0000000118 0000302939 0000003970 1714003692474
0000000119 0000306909 0000004281 1714003692593
0000000120 0000311190 0000003528 1714003692844
0000000121 0000314718 0000003241 1714003692892
0000000122 0000317959 0000002982 1714003692955
0000000123 0000320941 0000002982 1714003693117
0000000124 0000323923 0000002294 1714003693246
0000000125 0000326217 0000002652 1714003693365
0000000126 0000328869 0000001002 1714003693413
0000000127 0000329871 0000002978 1714003693476
0000000128 0000332849 0000002651 1714003693646
0000000129 0000335500 0000002978 1714003693747
0000000130 0000338478 0000003303 1714003693895
0000000131 0000341781 0000002975 1714003694014
0000000132 0000344756 0000002975 1714003694153
0000000133 0000347731 0000002647 1714003694245
0000000134 0000350378 0000002594 1714003694385
0000000135 0000352972 0000003608 1714003694516
0000000136 0000356580 0000004212 1714003694748
0000000137 0000360792 0000003991 1714003694794
0000000138 0000364783 0000004151 1714003694989
0000000139 0000368934 0000003931 1714003695145
0000000140 0000372865 0000001002 1714003695255
0000000141 0000373867 0000000913 1714003695307
0000000142 0000374780 0000000913 1714003695348
0000000143 0000375693 0000000913 1714003695390
0000000144 0000376606 0000000913 1714003695390
0000000145 0000377519 0000000913 1714003695423
0000000146 0000378432 0000000913 1714003695468
0000000147 0000379345 0000000913 1714003695525
0000000148 0000380258 0000000913 1714003695544
0000000149 0000381171 0000000913 1714003695575
0000000150 0000382084 0000003964 1714003695600
0000000151 0000386048 0000001013 1714003695613
0000000152 0000387061 0000003281 1714003695647
0000000153 0000390342 0000003281 1714003695647
0000000154 0000393623 0000003282 1714003695666
0000000155 0000396905 0000001013 1714003695685
0000000156 0000397918 0000003282 1714003695713
0000000157 0000401200 0000003885 1714003695875
0000000158 0000405085 0000002596 1714003695925
0000000159 0000407681 0000002327 1714003696094
0000000160 0000410008 0000001969 1714003696194
0000000161 0000411977 0000001970 1714003696368
0000000162 0000413947 0000001006 1714003696397
0000000163 0000414953 0000001971 1714003696537
0000000164 0000416924 0000001645 1714003696621
0000000165 0000418569 0000001645 1714003696718
0000000166 0000420214 0000001970 1714003696826
0000000167 0000422184 0000001970 1714003696935
0000000168 0000424154 0000002331 1714003697195
0000000169 0000426485 0000002332 1714003697334
0000000170 0000428817 0000002332 1714003697469
0000000171 0000431149 0000001002 1714003697504
0000000172 0000432151 0000002331 1714003697565
0000000173 0000434482 0000002331 1714003697723
0000000174 0000436813 0000001317 1714003697830
0000000175 0000438130 0000001676 1714003697924
0000000176 0000439806 0000002002 1714003698065
0000000177 0000441808 0000002003 1714003698226
0000000178 0000443811 0000002001 1714003698392
0000000179 0000445812 0000002001 1714003698494
0000000180 0000447813 0000002000 1714003698597
0000000181 0000449813 0000001999 1714003698734
0000000182 0000451812 0000002326 1714003698874
0000000183 0000454138 0000001967 1714003698995
0000000184 0000456105 0000002930 1714003699244
0000000185 0000459035 0000002904 1714003699275
0000000186 0000461939 0000001640 1714003699403
0000000187 0000463579 0000001965 1714003699535
0000000188 0000465544 0000001642 1714003699636
0000000189 0000467186 0000001642 1714003699764
0000000190 0000468828 0000001642 1714003699864
0000000191 0000470470 0000001642 1714003700007
0000000192 0000472112 0000002000 1714003700154
0000000193 0000474112 0000002328 1714003700286
0000000194 0000476440 0000001640 1714003700387
0000000195 0000478080 0000001318 1714003700502
0000000196 0000479398 0000001318 1714003700613
0000000197 0000480716 0000001002 1714003700744
0000000198 0000481718 0000000913 1714003700796
0000000199 0000482631 0000000913 1714003700941
0000000200 0000483544 0000000913 1714003700989
0000000201 0000484457 0000000913 1714003701034
0000000202 0000485370 0000000913 1714003701083
0000000203 0000486283 0000000913 1714003701124
0000000204 0000487196 0000000913 1714003701163
0000000205 0000488109 0000000913 1714003701203
0000000206 0000489022 0000001318 1714003701245
0000000207 0000490340 0000001318 1714003701294
0000000208 0000491658 0000001968 1714003701334
0000000209 0000493626 0000001968 1714003701358
0000000210 0000495594 0000001008 1714003701378
0000000211 0000496602 0000002329 1714003701394
0000000212 0000498931 0000002264 1714003701418
0000000213 0000501195 0000002264 1714003701424
0000000214 0000503459 0000001938 1714003701525
0000000215 0000505397 0000001935 1714003701636
0000000216 0000507332 0000001582 1714003701784
0000000217 0000508914 0000003174 1714003701986
0000000218 0000512088 0000002268 1714003702108
0000000219 0000514356 0000001941 1714003702255
0000000220 0000516297 0000001940 1714003702364
0000000221 0000518237 0000002628 1714003702488
0000000222 0000520865 0000002270 1714003702604
0000000223 0000523135 0000001945 1714003702723
0000000224 0000525080 0000001618 1714003702844
0000000225 0000526698 0000001002 1714003702892
0000000226 0000527700 0000002330 1714003702969
0000000227 0000530030 0000001676 1714003703124
0000000228 0000531706 0000001676 1714003703243
0000000229 0000533382 0000001676 1714003703372
0000000230 0000535058 0000001943 1714003703485
0000000231 0000537001 0000001584 1714003703604
0000000232 0000538585 0000002272 1714003703684
0000000233 0000540857 0000002634 1714003703822
0000000234 0000543491 0000002634 1714003703925
0000000235 0000546125 0000002959 1714003704064
0000000236 0000549084 0000003234 1714003704274
0000000237 0000552318 0000002003 1714003704335
0000000238 0000554321 0000001677 1714003704466
0000000239 0000555998 0000001678 1714003704613
0000000240 0000557676 0000003155 1714003704711
0000000241 0000560831 0000002249 1714003704845
0000000242 0000563080 0000003948 1714003704985
0000000243 0000567028 0000003259 1714003705114
0000000244 0000570287 0000002898 1714003705234
0000000245 0000573185 0000002939 1714003705443
0000000246 0000576124 0000002015 1714003705503
0000000247 0000578139 0000000998 1714003705543
0000000248 0000579137 0000002374 1714003705644
0000000249 0000581511 0000001292 1714003705773
0000000250 0000582803 0000001653 1714003705893
0000000251 0000584456 0000000997 1714003705933
0000000252 0000585453 0000001002 1714003706003
0000000253 0000586455 0000000913 1714003706064
0000000254 0000587368 0000000913 1714003706078
0000000255 0000588281 0000000913 1714003706115
0000000256 0000589194 0000000913 1714003706133
0000000257 0000590107 0000000913 1714003706164
0000000258 0000591020 0000000913 1714003706196
0000000259 0000591933 0000000913 1714003706197
0000000260 0000592846 0000000913 1714003706199
0000000261 0000593759 0000000913 1714003706255
0000000262 0000594672 0000000913 1714003706323
0000000263 0000595585 0000000913 1714003706393
0000000264 0000596498 0000000913 1714003706433
0000000265 0000597411 0000001023 1714003706493
0000000266 0000598434 0000002917 1714003706533
0000000267 0000601351 0000003416 1714003706587
0000000268 0000604767 0000003416 1714003706588
0000000269 0000608183 0000003740 1714003706641
0000000270 0000611923 0000002666 1714003706700
0000000271 0000614589 0000002666 1714003706700
0000000272 0000617255 0000002632 1714003706734
0000000273 0000619887 0000003264 1714003706950
0000000274 0000623151 0000002304 1714003706993
0000000275 0000625455 0000002629 1714003707180
0000000276 0000628084 0000001944 1714003707336
0000000277 0000630028 0000002666 1714003707454
0000000278 0000632694 0000002662 1714003707566
0000000279 0000635356 0000003021 1714003707684
0000000280 0000638377 0000001938 1714003707834
0000000281 0000640315 0000002029 1714003707966
0000000282 0000642344 0000003340 1714003708083
0000000283 0000645684 0000002303 1714003708235
0000000284 0000647987 0000001943 1714003708363
0000000285 0000649930 0000001009 1714003708404
0000000286 0000650939 0000003233 1714003708578
0000000287 0000654172 0000003047 1714003708654
0000000288 0000657219 0000002687 1714003708789
0000000289 0000659906 0000003014 1714003708915
0000000290 0000662920 0000003014 1714003709089
0000000291 0000665934 0000002292 1714003709253
0000000292 0000668226 0000002653 1714003709365
0000000293 0000670879 0000001002 1714003709403
0000000294 0000671881 0000001640 1714003709484
0000000295 0000673521 0000001998 1714003709645
0000000296 0000675519 0000001998 1714003709764
0000000297 0000677517 0000001673 1714003709893
0000000298 0000679190 0000001313 1714003710033
0000000299 0000680503 0000001347 1714003710154
0000000300 0000681850 0000001347 1714003710287
0000000301 0000683197 0000001348 1714003710423
0000000302 0000684545 0000001348 1714003710603
0000000303 0000685893 0000000988 1714003710734
0000000304 0000686881 0000000663 1714003710852
0000000305 0000687544 0000001386 1714003710955
