0000000001 0000000000 0000028614 1714003681272
0000000002 0000028614 0000028614 1714003682465
0000000003 0000057228 0000027641 1714003686249
0000000004 0000084869 0000026656 1714003688439
0000000005 0000111525 0000026214 1714003691655
0000000006 0000137739 0000026334 1714003692777
0000000007 0000164073 0000029100 1714003694702
0000000008 0000193173 0000027919 1714003695807
0000000009 0000221092 0000027853 1714003699166
0000000010 0000248945 0000024767 1714003701918
0000000011 0000273712 0000026885 1714003704218
0000000012 0000300597 0000027540 1714003705357
0000000013 0000328137 0000028022 1714003706866
0000000014 0000356159 0000026973 1714003708516
