0000000001 0000000000 0000000104 1714003805878
0000000002 0000000104 0000000008 1714003805878
0000000003 0000000112 0000018103 1714003805878
0000000004 0000018215 0000005721 1714003806038
0000000005 0000023936 0000005213 1714003806158
0000000006 0000029149 0000006187 1714003806318
0000000007 0000035336 0000007568 1714003806438
0000000008 0000042904 0000008135 1714003806598
0000000009 0000051039 0000006223 1714003806758
0000000010 0000057262 0000005522 1714003806878
0000000011 0000062784 0000007252 1714003807038
0000000012 0000070036 0000005867 1714003807158
0000000013 0000075903 0000005747 1714003807318
0000000014 0000081650 0000005484 1714003807438
0000000015 0000087134 0000006866 1714003807598
0000000016 0000094000 0000006393 1714003807758
0000000017 0000100393 0000000104 1714003807878
0000000018 0000100497 0000000008 1714003807878
0000000019 0000100505 0000018785 1714003807878
0000000020 0000119290 0000005711 1714003808038
0000000021 0000125001 0000004735 1714003808158
0000000022 0000129736 0000005705 1714003808318
0000000023 0000135441 0000004371 1714003808438
0000000024 0000139812 0000005032 1714003808598
0000000025 0000144844 0000005528 1714003808758
0000000026 0000150372 0000006851 1714003808878
0000000027 0000157223 0000007252 1714003809038
0000000028 0000164475 0000007564 1714003809158
0000000029 0000172039 0000006736 1714003809318
0000000030 0000178775 0000007116 1714003809438
0000000031 0000185891 0000007230 1714003809598
0000000032 0000193121 0000007121 1714003809758
0000000033 0000200242 0000000104 1714003809878
0000000034 0000200346 0000000008 1714003809878
0000000035 0000200354 0000017200 1714003809878
0000000036 0000217554 0000005100 1714003810038
0000000037 0000222654 0000004602 1714003810158
0000000038 0000227256 0000005191 1714003810318
0000000039 0000232447 0000004212 1714003810438
0000000040 0000236659 0000005380 1714003810598
0000000041 0000242039 0000005172 1714003810758
0000000042 0000247211 0000003723 1714003810878
0000000043 0000250934 0000004757 1714003811038
0000000044 0000255691 0000004557 1714003811158
0000000045 0000260248 0000005189 1714003811318
0000000046 0000265437 0000004048 1714003811438
0000000047 0000269485 0000004385 1714003811598
0000000048 0000273870 0000004713 1714003811758
0000000049 0000278583 0000000104 1714003811878
0000000050 0000278687 0000000008 1714003811878
0000000051 0000278695 0000017227 1714003811878
0000000052 0000295922 0000003411 1714003812038
0000000053 0000299333 0000003576 1714003812158
0000000054 0000302909 0000004035 1714003812318
0000000055 0000306944 0000004030 1714003812438
0000000056 0000310974 0000004738 1714003812598
0000000057 0000315712 0000004267 1714003812758
0000000058 0000319979 0000003553 1714003812878
0000000059 0000323532 0000004124 1714003813038
0000000060 0000327656 0000003304 1714003813158
0000000061 0000330960 0000003653 1714003813318
0000000062 0000334613 0000003467 1714003813438
0000000063 0000338080 0000005796 1714003813598
0000000064 0000343876 0000004307 1714003813758
0000000065 0000348183 0000000104 1714003813878
0000000066 0000348287 0000000008 1714003813878
0000000067 0000348295 0000017435 1714003813878
0000000068 0000365730 0000003299 1714003814038
0000000069 0000369029 0000003124 1714003814158
0000000070 0000372153 0000003958 1714003814318
0000000071 0000376111 0000003571 1714003814438
0000000072 0000379682 0000004587 1714003814598
0000000073 0000384269 0000004447 1714003814758
0000000074 0000388716 0000004071 1714003814878
0000000075 0000392787 0000004825 1714003815038
0000000076 0000397612 0000004181 1714003815159
0000000077 0000401793 0000004626 1714003815319
0000000078 0000406419 0000003980 1714003815439
0000000079 0000410399 0000004850 1714003815599
0000000080 0000415249 0000005003 1714003815759
0000000081 0000420252 0000000104 1714003815879
0000000082 0000420356 0000000008 1714003815879
0000000083 0000420364 0000016429 1714003815879
0000000084 0000436793 0000003814 1714003816039
0000000085 0000440607 0000004178 1714003816159
0000000086 0000444785 0000004277 1714003816319
0000000087 0000449062 0000003844 1714003816439
0000000088 0000452906 0000004332 1714003816599
0000000089 0000457238 0000004686 1714003816759
0000000090 0000461924 0000003992 1714003816879
0000000091 0000465916 0000004549 1714003817039
0000000092 0000470465 0000004355 1714003817159
0000000093 0000474820 0000004949 1714003817319
0000000094 0000479769 0000004537 1714003817439
0000000095 0000484306 0000005328 1714003817599
0000000096 0000489634 0000004961 1714003817759
0000000097 0000494595 0000000104 1714003817879
0000000098 0000494699 0000000008 1714003817879
0000000099 0000494707 0000016929 1714003817879
0000000100 0000511636 0000005282 1714003818039
0000000101 0000516918 0000004224 1714003818159
0000000102 0000521142 0000005257 1714003818319
0000000103 0000526399 0000005019 1714003818439
0000000104 0000531418 0000005397 1714003818599
0000000105 0000536815 0000006221 1714003818759
0000000106 0000543036 0000006000 1714003818879
0000000107 0000549036 0000005868 1714003819039
0000000108 0000554904 0000005417 1714003819159
0000000109 0000560321 0000006068 1714003819319
0000000110 0000566389 0000005672 1714003819439
0000000111 0000572061 0000006549 1714003819599
0000000112 0000578610 0000007604 1714003819759
0000000113 0000586214 0000000104 1714003819879
0000000114 0000586318 0000000008 1714003819879
0000000115 0000586326 0000018129 1714003819879
0000000116 0000604455 0000006073 1714003820039
0000000117 0000610528 0000007259 1714003820159
0000000118 0000617787 0000007835 1714003820319
0000000119 0000625622 0000005856 1714003820439
0000000120 0000631478 0000006422 1714003820599
0000000121 0000637900 0000006909 1714003820759
0000000122 0000644809 0000006275 1714003820879
0000000123 0000651084 0000009061 1714003821039
0000000124 0000660145 0000006455 1714003821159
0000000125 0000666600 0000006839 1714003821319
0000000126 0000673439 0000007460 1714003821439
0000000127 0000680899 0000007022 1714003821599
0000000128 0000687921 0000006829 1714003821759
0000000129 0000694750 0000000104 1714003821879
0000000130 0000694854 0000000008 1714003821879
0000000131 0000694862 0000017351 1714003821879
0000000132 0000712213 0000006353 1714003822039
0000000133 0000718566 0000005635 1714003822159
0000000134 0000724201 0000006741 1714003822319
0000000135 0000730942 0000005670 1714003822439
0000000136 0000736612 0000005947 1714003822599
0000000137 0000742559 0000006171 1714003822759
0000000138 0000748730 0000004960 1714003822879
0000000139 0000753690 0000005724 1714003823039
0000000140 0000759414 0000005431 1714003823159
0000000141 0000764845 0000006623 1714003823319
0000000142 0000771468 0000005381 1714003823439
0000000143 0000776849 0000006272 1714003823599
0000000144 0000783121 0000005485 1714003823759
0000000145 0000788606 0000000104 1714003823879
0000000146 0000788710 0000000008 1714003823879
0000000147 0000788718 0000018726 1714003823879
0000000148 0000807444 0000004436 1714003824039
0000000149 0000811880 0000003971 1714003824159
0000000150 0000815851 0000005708 1714003824319
0000000151 0000821559 0000005183 1714003824439
0000000152 0000826742 0000006171 1714003824599
0000000153 0000832913 0000006289 1714003824759
0000000154 0000839202 0000004712 1714003824879
0000000155 0000843914 0000006063 1714003825039
0000000156 0000849977 0000006044 1714003825159
0000000157 0000856021 0000006034 1714003825319
0000000158 0000862055 0000005105 1714003825439
0000000159 0000867160 0000006374 1714003825599
0000000160 0000873534 0000006931 1714003825759
0000000161 0000880465 0000000104 1714003825879
0000000162 0000880569 0000000008 1714003825879
0000000163 0000880577 0000017240 1714003825879
0000000164 0000897817 0000004541 1714003826039
0000000165 0000902358 0000004967 1714003826159
0000000166 0000907325 0000006044 1714003826319
0000000167 0000913369 0000005100 1714003826439
0000000168 0000918469 0000004946 1714003826599
0000000169 0000923415 0000006827 1714003826759
0000000170 0000930242 0000005035 1714003826879
0000000171 0000935277 0000007004 1714003827039
0000000172 0000942281 0000005932 1714003827159
0000000173 0000948213 0000006521 1714003827319
0000000174 0000954734 0000004766 1714003827439
0000000175 0000959500 0000005015 1714003827599
0000000176 0000964515 0000005319 1714003827759
0000000177 0000969834 0000000104 1714003827879
0000000178 0000969938 0000000008 1714003827879
0000000179 0000969946 0000016830 1714003827879
0000000180 0000986776 0000005331 1714003828039
0000000181 0000992107 0000004932 1714003828159
0000000182 0000997039 0000006161 1714003828319
0000000183 0001003200 0000005367 1714003828439
0000000184 0001008567 0000006363 1714003828599
0000000185 0001014930 0000005518 1714003828759
0000000186 0001020448 0000006585 1714003828879
0000000187 0001027033 0000005745 1714003829039
0000000188 0001032778 0000005025 1714003829159
0000000189 0001037803 0000005634 1714003829319
0000000190 0001043437 0000005080 1714003829439
0000000191 0001048517 0000005179 1714003829599
0000000192 0001053696 0000006426 1714003829759
0000000193 0001060122 0000000104 1714003829879
0000000194 0001060226 0000000008 1714003829879
0000000195 0001060234 0000018109 1714003829879
0000000196 0001078343 0000004328 1714003830039
0000000197 0001082671 0000004698 1714003830159
0000000198 0001087369 0000005346 1714003830319
0000000199 0001092715 0000004927 1714003830439
0000000200 0001097642 0000005350 1714003830599
0000000201 0001102992 0000005653 1714003830759
0000000202 0001108645 0000005141 1714003830879
0000000203 0001113786 0000005611 1714003831039
0000000204 0001119397 0000005218 1714003831159
0000000205 0001124615 0000005901 1714003831319
0000000206 0001130516 0000005303 1714003831439
0000000207 0001135819 0000005462 1714003831599
0000000208 0001141281 0000005607 1714003831759
0000000209 0001146888 0000000104 1714003831879
0000000210 0001146992 0000000008 1714003831879
0000000211 0001147000 0000017802 1714003831879
0000000212 0001164802 0000004281 1714003832039
0000000213 0001169083 0000005684 1714003832159
0000000214 0001174767 0000005551 1714003832319
0000000215 0001180318 0000004583 1714003832439
0000000216 0001184901 0000007318 1714003832599
0000000217 0001192219 0000005626 1714003832759
0000000218 0001197845 0000004288 1714003832879
0000000219 0001202133 0000005116 1714003833039
0000000220 0001207249 0000005039 1714003833159
0000000221 0001212288 0000005267 1714003833319
0000000222 0001217555 0000006364 1714003833439
0000000223 0001223919 0000005744 1714003833599
0000000224 0001229663 0000005833 1714003833759
0000000225 0001235496 0000000104 1714003833879
0000000226 0001235600 0000000008 1714003833879
0000000227 0001235608 0000017500 1714003833879
0000000228 0001253108 0000004335 1714003834039
0000000229 0001257443 0000004010 1714003834159
0000000230 0001261453 0000004933 1714003834319
0000000231 0001266386 0000004790 1714003834439
0000000232 0001271176 0000005644 1714003834599
0000000233 0001276820 0000004734 1714003834759
0000000234 0001281554 0000004318 1714003834879
0000000235 0001285872 0000004568 1714003835039
0000000236 0001290440 0000005001 1714003835159
0000000237 0001295441 0000007554 1714003835319
0000000238 0001302995 0000004329 1714003835439
0000000239 0001307324 0000007053 1714003835599
0000000240 0001314377 0000009588 1714003835759
